steps_done: 400000
cycles_done: 400000
samples: 400000
chains: 4
E: -1.06298284 +/- 0.00274789  target -1.01300000  delta -0.04998284
Z: 0.52677452 +/- 0.00138069  target 0.95000000  delta -0.42322548
zeroth_mean: 0.48683250
mean_order: 0.85155750
finite_selfenergy_bins: 4000/4000
final_reweighting_energy_estimate: -1.07456491